10.11.2020 00:00:00; 2020; 202011; 11; 0.0; 0;0
09.11.2020 00:00:00; 2020; 202011; 11; 5.526; 1589;3937
08.11.2020 00:00:00; 2020; 202011; 11; 7.39; 2169;5221
07.11.2020 00:00:00; 2020; 202011; 11; 10.605; 3169;7436
06.11.2020 00:00:00; 2020; 202011; 11; 59.6; 19009;40591
05.11.2020 00:00:00; 2020; 202011; 11; 41.398; 13054;28344
04.11.2020 00:00:00; 2020; 202011; 11; 6.938; 1984;4954
03.11.2020 00:00:00; 2020; 202011; 11; 6.9; 2005;4895
02.11.2020 00:00:00; 2020; 202011; 11; 24.836; 7697;17139
01.11.2020 00:00:00; 2020; 202011; 11; 6.782; 1895;4887
31.10.2020 00:00:00; 2020; 202010; 10; 51.231; 16185;35046
30.10.2020 00:00:00; 2020; 202010; 10; 6.688; 1920;4768
29.10.2020 00:00:00; 2020; 202010; 10; 13.962; 4271;9691
28.10.2020 00:00:00; 2020; 202010; 10; 21.042; 6418;14624
27.10.2020 00:00:00; 2020; 202010; 10; 19.587; 5819;13768
26.10.2020 00:00:00; 2020; 202010; 10; 4.54; 1224;3316
25.10.2020 00:00:00; 2020; 202010; 10; 32.561; 10102;22459
24.10.2020 00:00:00; 2020; 202010; 10; 21.214; 6428;14786
23.10.2020 00:00:00; 2020; 202010; 10; 23.365; 7264;16101
22.10.2020 00:00:00; 2020; 202010; 10; 34.675; 10794;23881
21.10.2020 00:00:00; 2020; 202010; 10; 41.261; 12999;28262
20.10.2020 00:00:00; 2020; 202010; 10; 36.207; 11166;25041
19.10.2020 00:00:00; 2020; 202010; 10; 27.66; 8662;18998
18.10.2020 00:00:00; 2020; 202010; 10; 22.884; 7083;15801
17.10.2020 00:00:00; 2020; 202010; 10; 16.056; 4905;11151
16.10.2020 00:00:00; 2020; 202010; 10; 9.734; 2847;6887
15.10.2020 00:00:00; 2020; 202010; 10; 14.901; 4490;10411
14.10.2020 00:00:00; 2020; 202010; 10; 13.806; 4150;9656
13.10.2020 00:00:00; 2020; 202010; 10; 21.045; 6488;14557
12.10.2020 00:00:00; 2020; 202010; 10; 15.489; 4700;10789
11.10.2020 00:00:00; 2020; 202010; 10; 27.426; 8562;18864
10.10.2020 00:00:00; 2020; 202010; 10; 9.87; 2880;6990
09.10.2020 00:00:00; 2020; 202010; 10; 52.328; 16512;35816
08.10.2020 00:00:00; 2020; 202010; 10; 56.482; 17906;38576
07.10.2020 00:00:00; 2020; 202010; 10; 29.845; 9246;20599
06.10.2020 00:00:00; 2020; 202010; 10; 25.293; 7873;17420
05.10.2020 00:00:00; 2020; 202010; 10; 43.296; 13685;29611
04.10.2020 00:00:00; 2020; 202010; 10; 54.635; 17219;37416
03.10.2020 00:00:00; 2020; 202010; 10; 21.942; 6739;15203
02.10.2020 00:00:00; 2020; 202010; 10; 36.367; 11450;24917
01.10.2020 00:00:00; 2020; 202010; 10; 32.613; 9989;22624
30.09.2020 00:00:00; 2020; 202009; 9; 36.646; 11281;25365
29.09.2020 00:00:00; 2020; 202009; 9; 55.247; 17615;37632
28.09.2020 00:00:00; 2020; 202009; 9; 25.753; 7962;17791
27.09.2020 00:00:00; 2020; 202009; 9; 65.897; 20797;45100
26.09.2020 00:00:00; 2020; 202009; 9; 12.298; 3605;8693
25.09.2020 00:00:00; 2020; 202009; 9; 12.333; 3618;8715
24.09.2020 00:00:00; 2020; 202009; 9; 49.16; 15329;33831
23.09.2020 00:00:00; 2020; 202009; 9; 23.389; 7117;16272
22.09.2020 00:00:00; 2020; 202009; 9; 72.782; 22921;49861
21.09.2020 00:00:00; 2020; 202009; 9; 76.519; 24139;52380
20.09.2020 00:00:00; 2020; 202009; 9; 79.957; 25262;54695
19.09.2020 00:00:00; 2020; 202009; 9; 80.724; 25535;55189
18.09.2020 00:00:00; 2020; 202009; 9; 83.813; 26596;57217
17.09.2020 00:00:00; 2020; 202009; 9; 49.878; 15612;34266
16.09.2020 00:00:00; 2020; 202009; 9; 58.503; 18324;40179
15.09.2020 00:00:00; 2020; 202009; 9; 79.369; 24995;54374
14.09.2020 00:00:00; 2020; 202009; 9; 81.252; 25703;55549
13.09.2020 00:00:00; 2020; 202009; 9; 78.991; 24856;54135
12.09.2020 00:00:00; 2020; 202009; 9; 77.741; 24467;53274
11.09.2020 00:00:00; 2020; 202009; 9; 66.081; 20613;45468
10.09.2020 00:00:00; 2020; 202009; 9; 34.552; 10729;23823
09.09.2020 00:00:00; 2020; 202009; 9; 80.012; 25126;54886
08.09.2020 00:00:00; 2020; 202009; 9; 65.811; 20520;45291
07.09.2020 00:00:00; 2020; 202009; 9; 80.45; 25356;55094
06.09.2020 00:00:00; 2020; 202009; 9; 44.202; 13779;30423
05.09.2020 00:00:00; 2020; 202009; 9; 67.169; 21214;45955
04.09.2020 00:00:00; 2020; 202009; 9; 64.808; 20196;44612
03.09.2020 00:00:00; 2020; 202009; 9; 78.686; 24728;53958
02.09.2020 00:00:00; 2020; 202009; 9; 70.646; 22240;48406
01.09.2020 00:00:00; 2020; 202009; 9; 40.012; 12518;27494
31.08.2020 00:00:00; 2020; 202008; 8; 36.808; 11433;25375
30.08.2020 00:00:00; 2020; 202008; 8; 10.574; 3006;7568
29.08.2020 00:00:00; 2020; 202008; 8; 25.102; 7681;17421
28.08.2020 00:00:00; 2020; 202008; 8; 43.528; 13620;29908
27.08.2020 00:00:00; 2020; 202008; 8; 69.713; 21685;48028
26.08.2020 00:00:00; 2020; 202008; 8; 92.582; 29154;63428
25.08.2020 00:00:00; 2020; 202008; 8; 78.26; 24295;53965
24.08.2020 00:00:00; 2020; 202008; 8; 62.353; 19497;42856
23.08.2020 00:00:00; 2020; 202008; 8; 64.865; 20150;44715
22.08.2020 00:00:00; 2020; 202008; 8; 18.565; 5553;13012
21.08.2020 00:00:00; 2020; 202008; 8; 88.349; 27578;60771
20.08.2020 00:00:00; 2020; 202008; 8; 83.004; 25860;57144
19.08.2020 00:00:00; 2020; 202008; 8; 92.397; 28964;63433
18.08.2020 00:00:00; 2020; 202008; 8; 68.171; 21384;46787
17.08.2020 00:00:00; 2020; 202008; 8; 37.789; 11718;26071
16.08.2020 00:00:00; 2020; 202008; 8; 62.417; 19436;42981
15.08.2020 00:00:00; 2020; 202008; 8; 49.23; 15401;33829
14.08.2020 00:00:00; 2020; 202008; 8; 61.534; 19392;42142
13.08.2020 00:00:00; 2020; 202008; 8; 76.458; 23948;52510
12.08.2020 00:00:00; 2020; 202008; 8; 90.408; 28284;62124
11.08.2020 00:00:00; 2020; 202008; 8; 83.688; 25969;57719
10.08.2020 00:00:00; 2020; 202008; 8; 90.99; 28456;62534
09.08.2020 00:00:00; 2020; 202008; 8; 91.263; 28460;62803
08.08.2020 00:00:00; 2020; 202008; 8; 92.728; 28958;63770
07.08.2020 00:00:00; 2020; 202008; 8; 92.915; 29121;63794
06.08.2020 00:00:00; 2020; 202008; 8; 96.483; 30181;66302
05.08.2020 00:00:00; 2020; 202008; 8; 72.899; 22724;50175
04.08.2020 00:00:00; 2020; 202008; 8; 28.597; 8758;19839
03.08.2020 00:00:00; 2020; 202008; 8; 21.2; 6381;14819
